{
 "cells": [
  {
   "cell_type": "markdown",
   "metadata": {},
   "source": [
    "## What’s the value or how good it is for the robot to be in each of the gridworld states/squares?"
   ]
  },
  {
   "cell_type": "markdown",
   "metadata": {},
   "source": [
    "![Getting Started](grid.PNG)"
   ]
  },
  {
   "cell_type": "code",
   "execution_count": 1,
   "metadata": {},
   "outputs": [],
   "source": [
    "import numpy as np\n",
    "from tqdm import tqdm\n",
    "import matplotlib.pyplot as plt\n",
    "import seaborn as sns\n",
    "sns.set_style(\"darkgrid\")\n",
    "#%matplotlibBarron@\n",
    "import random"
   ]
  },
  {
   "cell_type": "code",
   "execution_count": 2,
   "metadata": {},
   "outputs": [],
   "source": [
    "gamma = 1 # discounting rate\n",
    "reward_size = 4\n",
    "grid_size = 4\n",
    "termination_states = [[0, 0], [grid_size-1]]\n",
    "actions = [[-1, 0], [1, 0], [0, 1], [0, -1]]\n",
    "num_iterations = 100"
   ]
  },
  {
   "cell_type": "code",
   "execution_count": 3,
   "metadata": {},
   "outputs": [],
   "source": [
    "def action_reward_function(initial_position, action):\n",
    "    if initial_position in termination_states:\n",
    "        return initial_position, 0\n",
    "\n",
    "    reward = reward_size\n",
    "    final_position = np.array(initial_position) + np.array(action)\n",
    "    if -1 in final_position or 4 in final_position:\n",
    "        final_position = initial_position\n",
    "    return final_position, reward"
   ]
  },
  {
   "cell_type": "code",
   "execution_count": 4,
   "metadata": {},
   "outputs": [],
   "source": [
    "value_map = np.zeros((grid_size, grid_size))\n",
    "states = [[i, j] for i in range(grid_size) for j in range(grid_size)]"
   ]
  },
  {
   "cell_type": "code",
   "execution_count": 5,
   "metadata": {},
   "outputs": [
    {
     "data": {
      "text/plain": [
       "array([[0., 0., 0., 0.],\n",
       "       [0., 0., 0., 0.],\n",
       "       [0., 0., 0., 0.],\n",
       "       [0., 0., 0., 0.]])"
      ]
     },
     "execution_count": 5,
     "metadata": {},
     "output_type": "execute_result"
    }
   ],
   "source": [
    "# values of the value function at step 0\n",
    "value_map"
   ]
  },
  {
   "cell_type": "markdown",
   "metadata": {},
   "source": [
    "### A way to solve the aforementioned state-value function is to use policy iteration, an algorithm included in a field of mathematics called dynamic programming."
   ]
  },
  {
   "cell_type": "markdown",
   "metadata": {},
   "source": [
    "![Getting Started](algo.PNG)"
   ]
  },
  {
   "cell_type": "markdown",
   "metadata": {},
   "source": [
    "![Getting Started](math.PNG)"
   ]
  },
  {
   "cell_type": "code",
   "execution_count": 6,
   "metadata": {},
   "outputs": [
    {
     "name": "stdout",
     "output_type": "stream",
     "text": [
      "Iteration 1\n",
      "[[0. 4. 4. 4.]\n",
      " [4. 4. 4. 4.]\n",
      " [4. 4. 4. 4.]\n",
      " [4. 4. 4. 4.]]\n",
      "\n",
      "Iteration 2\n",
      "[[0. 4. 4. 4.]\n",
      " [4. 4. 4. 4.]\n",
      " [4. 4. 4. 4.]\n",
      " [4. 4. 4. 4.]]\n",
      "\n",
      "Iteration 3\n",
      "[[0. 4. 4. 4.]\n",
      " [4. 4. 4. 4.]\n",
      " [4. 4. 4. 4.]\n",
      " [4. 4. 4. 4.]]\n",
      "\n",
      "Iteration 10\n",
      "[[0. 4. 4. 4.]\n",
      " [4. 4. 4. 4.]\n",
      " [4. 4. 4. 4.]\n",
      " [4. 4. 4. 4.]]\n",
      "\n",
      "Iteration 100\n",
      "[[0. 4. 4. 4.]\n",
      " [4. 4. 4. 4.]\n",
      " [4. 4. 4. 4.]\n",
      " [4. 4. 4. 4.]]\n",
      "\n",
      "Iteration 100\n",
      "[[0. 4. 4. 4.]\n",
      " [4. 4. 4. 4.]\n",
      " [4. 4. 4. 4.]\n",
      " [4. 4. 4. 4.]]\n",
      "\n",
      "Iteration 1\n",
      "[[0. 7. 8. 8.]\n",
      " [7. 8. 8. 8.]\n",
      " [8. 8. 8. 8.]\n",
      " [8. 8. 8. 8.]]\n",
      "\n",
      "Iteration 2\n",
      "[[0. 7. 8. 8.]\n",
      " [7. 8. 8. 8.]\n",
      " [8. 8. 8. 8.]\n",
      " [8. 8. 8. 8.]]\n",
      "\n",
      "Iteration 3\n",
      "[[0. 7. 8. 8.]\n",
      " [7. 8. 8. 8.]\n",
      " [8. 8. 8. 8.]\n",
      " [8. 8. 8. 8.]]\n",
      "\n",
      "Iteration 10\n",
      "[[0. 7. 8. 8.]\n",
      " [7. 8. 8. 8.]\n",
      " [8. 8. 8. 8.]\n",
      " [8. 8. 8. 8.]]\n",
      "\n",
      "Iteration 100\n",
      "[[0. 7. 8. 8.]\n",
      " [7. 8. 8. 8.]\n",
      " [8. 8. 8. 8.]\n",
      " [8. 8. 8. 8.]]\n",
      "\n",
      "Iteration 100\n",
      "[[0. 7. 8. 8.]\n",
      " [7. 8. 8. 8.]\n",
      " [8. 8. 8. 8.]\n",
      " [8. 8. 8. 8.]]\n",
      "\n",
      "Iteration 1\n",
      "[[ 0.    9.75 11.75 12.  ]\n",
      " [ 9.75 11.5  12.   12.  ]\n",
      " [11.75 12.   12.   12.  ]\n",
      " [12.   12.   12.   12.  ]]\n",
      "\n",
      "Iteration 2\n",
      "[[ 0.    9.75 11.75 12.  ]\n",
      " [ 9.75 11.5  12.   12.  ]\n",
      " [11.75 12.   12.   12.  ]\n",
      " [12.   12.   12.   12.  ]]\n",
      "\n",
      "Iteration 3\n",
      "[[ 0.    9.75 11.75 12.  ]\n",
      " [ 9.75 11.5  12.   12.  ]\n",
      " [11.75 12.   12.   12.  ]\n",
      " [12.   12.   12.   12.  ]]\n",
      "\n",
      "Iteration 10\n",
      "[[ 0.    9.75 11.75 12.  ]\n",
      " [ 9.75 11.5  12.   12.  ]\n",
      " [11.75 12.   12.   12.  ]\n",
      " [12.   12.   12.   12.  ]]\n",
      "\n",
      "Iteration 100\n",
      "[[ 0.    9.75 11.75 12.  ]\n",
      " [ 9.75 11.5  12.   12.  ]\n",
      " [11.75 12.   12.   12.  ]\n",
      " [12.   12.   12.   12.  ]]\n",
      "\n",
      "Iteration 100\n",
      "[[ 0.    9.75 11.75 12.  ]\n",
      " [ 9.75 11.5  12.   12.  ]\n",
      " [11.75 12.   12.   12.  ]\n",
      " [12.   12.   12.   12.  ]]\n",
      "\n",
      "Iteration 1\n",
      "[[ 0.     12.25   15.375  15.9375]\n",
      " [12.25   14.875  15.8125 16.    ]\n",
      " [15.375  15.8125 16.     16.    ]\n",
      " [15.9375 16.     16.     16.    ]]\n",
      "\n",
      "Iteration 2\n",
      "[[ 0.     12.25   15.375  15.9375]\n",
      " [12.25   14.875  15.8125 16.    ]\n",
      " [15.375  15.8125 16.     16.    ]\n",
      " [15.9375 16.     16.     16.    ]]\n",
      "\n",
      "Iteration 3\n",
      "[[ 0.     12.25   15.375  15.9375]\n",
      " [12.25   14.875  15.8125 16.    ]\n",
      " [15.375  15.8125 16.     16.    ]\n",
      " [15.9375 16.     16.     16.    ]]\n",
      "\n",
      "Iteration 10\n",
      "[[ 0.     12.25   15.375  15.9375]\n",
      " [12.25   14.875  15.8125 16.    ]\n",
      " [15.375  15.8125 16.     16.    ]\n",
      " [15.9375 16.     16.     16.    ]]\n",
      "\n",
      "Iteration 100\n",
      "[[ 0.     12.25   15.375  15.9375]\n",
      " [12.25   14.875  15.8125 16.    ]\n",
      " [15.375  15.8125 16.     16.    ]\n",
      " [15.9375 16.     16.     16.    ]]\n",
      "\n",
      "Iteration 100\n",
      "[[ 0.     12.25   15.375  15.9375]\n",
      " [12.25   14.875  15.8125 16.    ]\n",
      " [15.375  15.8125 16.     16.    ]\n",
      " [15.9375 16.     16.     16.    ]]\n",
      "\n",
      "Iteration 1\n",
      "[[ 0.      14.625   18.84375 19.8125 ]\n",
      " [14.625   18.03125 19.5625  19.9375 ]\n",
      " [18.84375 19.5625  19.90625 20.     ]\n",
      " [19.8125  19.9375  20.      20.     ]]\n",
      "\n",
      "Iteration 2\n",
      "[[ 0.      14.625   18.84375 19.8125 ]\n",
      " [14.625   18.03125 19.5625  19.9375 ]\n",
      " [18.84375 19.5625  19.90625 20.     ]\n",
      " [19.8125  19.9375  20.      20.     ]]\n",
      "\n",
      "Iteration 3\n",
      "[[ 0.      14.625   18.84375 19.8125 ]\n",
      " [14.625   18.03125 19.5625  19.9375 ]\n",
      " [18.84375 19.5625  19.90625 20.     ]\n",
      " [19.8125  19.9375  20.      20.     ]]\n",
      "\n",
      "Iteration 10\n",
      "[[ 0.      14.625   18.84375 19.8125 ]\n",
      " [14.625   18.03125 19.5625  19.9375 ]\n",
      " [18.84375 19.5625  19.90625 20.     ]\n",
      " [19.8125  19.9375  20.      20.     ]]\n",
      "\n",
      "Iteration 100\n",
      "[[ 0.      14.625   18.84375 19.8125 ]\n",
      " [14.625   18.03125 19.5625  19.9375 ]\n",
      " [18.84375 19.5625  19.90625 20.     ]\n",
      " [19.8125  19.9375  20.      20.     ]]\n",
      "\n",
      "Iteration 100\n",
      "[[ 0.      14.625   18.84375 19.8125 ]\n",
      " [14.625   18.03125 19.5625  19.9375 ]\n",
      " [18.84375 19.5625  19.90625 20.     ]\n",
      " [19.8125  19.9375  20.      20.     ]]\n",
      "\n",
      "Iteration 1\n",
      "[[ 0.        16.875     22.2109375 23.6015625]\n",
      " [16.875     21.09375   23.1796875 23.828125 ]\n",
      " [22.2109375 23.1796875 23.78125   23.9609375]\n",
      " [23.6015625 23.828125  23.9609375 24.       ]]\n",
      "\n",
      "Iteration 2\n",
      "[[ 0.        16.875     22.2109375 23.6015625]\n",
      " [16.875     21.09375   23.1796875 23.828125 ]\n",
      " [22.2109375 23.1796875 23.78125   23.9609375]\n",
      " [23.6015625 23.828125  23.9609375 24.       ]]\n",
      "\n",
      "Iteration 3\n",
      "[[ 0.        16.875     22.2109375 23.6015625]\n",
      " [16.875     21.09375   23.1796875 23.828125 ]\n",
      " [22.2109375 23.1796875 23.78125   23.9609375]\n",
      " [23.6015625 23.828125  23.9609375 24.       ]]\n",
      "\n",
      "Iteration 10\n",
      "[[ 0.        16.875     22.2109375 23.6015625]\n",
      " [16.875     21.09375   23.1796875 23.828125 ]\n",
      " [22.2109375 23.1796875 23.78125   23.9609375]\n",
      " [23.6015625 23.828125  23.9609375 24.       ]]\n",
      "\n",
      "Iteration 100\n",
      "[[ 0.        16.875     22.2109375 23.6015625]\n",
      " [16.875     21.09375   23.1796875 23.828125 ]\n",
      " [22.2109375 23.1796875 23.78125   23.9609375]\n",
      " [23.6015625 23.828125  23.9609375 24.       ]]\n",
      "\n",
      "Iteration 100\n",
      "[[ 0.        16.875     22.2109375 23.6015625]\n",
      " [16.875     21.09375   23.1796875 23.828125 ]\n",
      " [22.2109375 23.1796875 23.78125   23.9609375]\n",
      " [23.6015625 23.828125  23.9609375 24.       ]]\n",
      "\n",
      "Iteration 1\n",
      "[[ 0.         19.04492188 25.46679688 27.31054688]\n",
      " [19.04492188 24.02734375 26.72851562 27.64257812]\n",
      " [25.46679688 26.72851562 27.5703125  27.89257812]\n",
      " [27.31054688 27.64257812 27.89257812 27.98046875]]\n",
      "\n",
      "Iteration 2\n",
      "[[ 0.         19.04492188 25.46679688 27.31054688]\n",
      " [19.04492188 24.02734375 26.72851562 27.64257812]\n",
      " [25.46679688 26.72851562 27.5703125  27.89257812]\n",
      " [27.31054688 27.64257812 27.89257812 27.98046875]]\n",
      "\n",
      "Iteration 3\n",
      "[[ 0.         19.04492188 25.46679688 27.31054688]\n",
      " [19.04492188 24.02734375 26.72851562 27.64257812]\n",
      " [25.46679688 26.72851562 27.5703125  27.89257812]\n",
      " [27.31054688 27.64257812 27.89257812 27.98046875]]\n",
      "\n",
      "Iteration 10\n",
      "[[ 0.         19.04492188 25.46679688 27.31054688]\n",
      " [19.04492188 24.02734375 26.72851562 27.64257812]\n",
      " [25.46679688 26.72851562 27.5703125  27.89257812]\n",
      " [27.31054688 27.64257812 27.89257812 27.98046875]]\n",
      "\n",
      "Iteration 100\n",
      "[[ 0.         19.04492188 25.46679688 27.31054688]\n",
      " [19.04492188 24.02734375 26.72851562 27.64257812]\n",
      " [25.46679688 26.72851562 27.5703125  27.89257812]\n",
      " [27.31054688 27.64257812 27.89257812 27.98046875]]\n",
      "\n",
      "Iteration 100\n",
      "[[ 0.         19.04492188 25.46679688 27.31054688]\n",
      " [19.04492188 24.02734375 26.72851562 27.64257812]\n",
      " [25.46679688 26.72851562 27.5703125  27.89257812]\n",
      " [27.31054688 27.64257812 27.89257812 27.98046875]]\n",
      "\n",
      "Iteration 1\n",
      "[[ 0.         21.13476562 28.63769531 30.93261719]\n",
      " [21.13476562 26.88671875 30.17675781 31.39355469]\n",
      " [28.63769531 30.17675781 31.31054688 31.77148438]\n",
      " [30.93261719 31.39355469 31.77148438 31.93652344]]\n",
      "\n",
      "Iteration 2\n",
      "[[ 0.         21.13476562 28.63769531 30.93261719]\n",
      " [21.13476562 26.88671875 30.17675781 31.39355469]\n",
      " [28.63769531 30.17675781 31.31054688 31.77148438]\n",
      " [30.93261719 31.39355469 31.77148438 31.93652344]]\n",
      "\n",
      "Iteration 3\n",
      "[[ 0.         21.13476562 28.63769531 30.93261719]\n",
      " [21.13476562 26.88671875 30.17675781 31.39355469]\n",
      " [28.63769531 30.17675781 31.31054688 31.77148438]\n",
      " [30.93261719 31.39355469 31.77148438 31.93652344]]\n",
      "\n",
      "Iteration 10\n",
      "[[ 0.         21.13476562 28.63769531 30.93261719]\n",
      " [21.13476562 26.88671875 30.17675781 31.39355469]\n",
      " [28.63769531 30.17675781 31.31054688 31.77148438]\n",
      " [30.93261719 31.39355469 31.77148438 31.93652344]]\n",
      "\n",
      "Iteration 100\n",
      "[[ 0.         21.13476562 28.63769531 30.93261719]\n",
      " [21.13476562 26.88671875 30.17675781 31.39355469]\n",
      " [28.63769531 30.17675781 31.31054688 31.77148438]\n",
      " [30.93261719 31.39355469 31.77148438 31.93652344]]\n",
      "\n",
      "Iteration 100\n",
      "[[ 0.         21.13476562 28.63769531 30.93261719]\n",
      " [21.13476562 26.88671875 30.17675781 31.39355469]\n",
      " [28.63769531 30.17675781 31.31054688 31.77148438]\n",
      " [30.93261719 31.39355469 31.77148438 31.93652344]]\n",
      "\n",
      "Iteration 1\n",
      "[[ 0.         23.16479492 31.72045898 34.47412109]\n",
      " [23.16479492 29.65576172 33.55712891 35.06860352]\n",
      " [31.72045898 33.55712891 34.97412109 35.60302734]\n",
      " [34.47412109 35.06860352 35.60302734 35.85400391]]\n",
      "\n",
      "Iteration 2\n",
      "[[ 0.         23.16479492 31.72045898 34.47412109]\n",
      " [23.16479492 29.65576172 33.55712891 35.06860352]\n",
      " [31.72045898 33.55712891 34.97412109 35.60302734]\n",
      " [34.47412109 35.06860352 35.60302734 35.85400391]]\n",
      "\n",
      "Iteration 3\n",
      "[[ 0.         23.16479492 31.72045898 34.47412109]\n",
      " [23.16479492 29.65576172 33.55712891 35.06860352]\n",
      " [31.72045898 33.55712891 34.97412109 35.60302734]\n",
      " [34.47412109 35.06860352 35.60302734 35.85400391]]\n",
      "\n",
      "Iteration 10\n",
      "[[ 0.         23.16479492 31.72045898 34.47412109]\n",
      " [23.16479492 29.65576172 33.55712891 35.06860352]\n",
      " [31.72045898 33.55712891 34.97412109 35.60302734]\n",
      " [34.47412109 35.06860352 35.60302734 35.85400391]]\n",
      "\n",
      "Iteration 100\n",
      "[[ 0.         23.16479492 31.72045898 34.47412109]\n",
      " [23.16479492 29.65576172 33.55712891 35.06860352]\n",
      " [31.72045898 33.55712891 34.97412109 35.60302734]\n",
      " [34.47412109 35.06860352 35.60302734 35.85400391]]\n",
      "\n",
      "Iteration 100\n",
      "[[ 0.         23.16479492 31.72045898 34.47412109]\n",
      " [23.16479492 29.65576172 33.55712891 35.06860352]\n",
      " [31.72045898 33.55712891 34.97412109 35.60302734]\n",
      " [34.47412109 35.06860352 35.60302734 35.85400391]]\n",
      "\n",
      "Iteration 1\n",
      "[[ 0.         25.13525391 34.72912598 37.93432617]\n",
      " [25.13525391 32.36096191 36.85473633 38.67572021]\n",
      " [34.72912598 36.85473633 38.58007812 39.37493896]\n",
      " [37.93432617 38.67572021 39.37493896 39.72851562]]\n",
      "\n",
      "Iteration 2\n",
      "[[ 0.         25.13525391 34.72912598 37.93432617]\n",
      " [25.13525391 32.36096191 36.85473633 38.67572021]\n",
      " [34.72912598 36.85473633 38.58007812 39.37493896]\n",
      " [37.93432617 38.67572021 39.37493896 39.72851562]]\n",
      "\n",
      "Iteration 3\n",
      "[[ 0.         25.13525391 34.72912598 37.93432617]\n",
      " [25.13525391 32.36096191 36.85473633 38.67572021]\n",
      " [34.72912598 36.85473633 38.58007812 39.37493896]\n",
      " [37.93432617 38.67572021 39.37493896 39.72851562]]\n",
      "\n",
      "Iteration 10\n",
      "[[ 0.         25.13525391 34.72912598 37.93432617]\n",
      " [25.13525391 32.36096191 36.85473633 38.67572021]\n",
      " [34.72912598 36.85473633 38.58007812 39.37493896]\n",
      " [37.93432617 38.67572021 39.37493896 39.72851562]]\n",
      "\n",
      "Iteration 100\n",
      "[[ 0.         25.13525391 34.72912598 37.93432617]\n",
      " [25.13525391 32.36096191 36.85473633 38.67572021]\n",
      " [34.72912598 36.85473633 38.58007812 39.37493896]\n",
      " [37.93432617 38.67572021 39.37493896 39.72851562]]\n",
      "\n",
      "Iteration 100\n",
      "[[ 0.         25.13525391 34.72912598 37.93432617]\n",
      " [25.13525391 32.36096191 36.85473633 38.67572021]\n",
      " [34.72912598 36.85473633 38.58007812 39.37493896]\n",
      " [37.93432617 38.67572021 39.37493896 39.72851562]]\n",
      "\n",
      "Iteration 1\n",
      "[[ 0.         27.05633545 37.6633606  41.31837463]\n",
      " [27.05633545 34.99499512 40.08647156 42.20993042]\n",
      " [37.6633606  40.08647156 42.11483765 43.08981323]\n",
      " [41.31837463 42.20993042 43.08981323 43.55172729]]\n",
      "\n",
      "Iteration 2\n",
      "[[ 0.         27.05633545 37.6633606  41.31837463]\n",
      " [27.05633545 34.99499512 40.08647156 42.20993042]\n",
      " [37.6633606  40.08647156 42.11483765 43.08981323]\n",
      " [41.31837463 42.20993042 43.08981323 43.55172729]]\n",
      "\n",
      "Iteration 3\n",
      "[[ 0.         27.05633545 37.6633606  41.31837463]\n",
      " [27.05633545 34.99499512 40.08647156 42.20993042]\n",
      " [37.6633606  40.08647156 42.11483765 43.08981323]\n",
      " [41.31837463 42.20993042 43.08981323 43.55172729]]\n",
      "\n",
      "Iteration 10\n",
      "[[ 0.         27.05633545 37.6633606  41.31837463]\n",
      " [27.05633545 34.99499512 40.08647156 42.20993042]\n",
      " [37.6633606  40.08647156 42.11483765 43.08981323]\n",
      " [41.31837463 42.20993042 43.08981323 43.55172729]]\n",
      "\n",
      "Iteration 100\n",
      "[[ 0.         27.05633545 37.6633606  41.31837463]\n",
      " [27.05633545 34.99499512 40.08647156 42.20993042]\n",
      " [37.6633606  40.08647156 42.11483765 43.08981323]\n",
      " [41.31837463 42.20993042 43.08981323 43.55172729]]\n",
      "\n",
      "Iteration 100\n",
      "[[ 0.         27.05633545 37.6633606  41.31837463]\n",
      " [27.05633545 34.99499512 40.08647156 42.20993042]\n",
      " [37.6633606  40.08647156 42.11483765 43.08981323]\n",
      " [41.31837463 42.20993042 43.08981323 43.55172729]]\n",
      "\n",
      "Iteration 1\n",
      "[[ 0.         28.92867279 40.53113556 44.62751007]\n",
      " [28.92867279 37.5714035  43.24578094 45.67614746]\n",
      " [40.53113556 43.24578094 45.5881424  46.74157715]\n",
      " [44.62751007 45.67614746 46.74157715 47.32077026]]\n",
      "\n",
      "Iteration 2\n",
      "[[ 0.         28.92867279 40.53113556 44.62751007]\n",
      " [28.92867279 37.5714035  43.24578094 45.67614746]\n",
      " [40.53113556 43.24578094 45.5881424  46.74157715]\n",
      " [44.62751007 45.67614746 46.74157715 47.32077026]]\n",
      "\n",
      "Iteration 3\n",
      "[[ 0.         28.92867279 40.53113556 44.62751007]\n",
      " [28.92867279 37.5714035  43.24578094 45.67614746]\n",
      " [40.53113556 43.24578094 45.5881424  46.74157715]\n",
      " [44.62751007 45.67614746 46.74157715 47.32077026]]\n",
      "\n",
      "Iteration 10\n",
      "[[ 0.         28.92867279 40.53113556 44.62751007]\n",
      " [28.92867279 37.5714035  43.24578094 45.67614746]\n",
      " [40.53113556 43.24578094 45.5881424  46.74157715]\n",
      " [44.62751007 45.67614746 46.74157715 47.32077026]]\n",
      "\n",
      "Iteration 100\n",
      "[[ 0.         28.92867279 40.53113556 44.62751007]\n",
      " [28.92867279 37.5714035  43.24578094 45.67614746]\n",
      " [40.53113556 43.24578094 45.5881424  46.74157715]\n",
      " [44.62751007 45.67614746 46.74157715 47.32077026]]\n",
      "\n",
      "Iteration 100\n",
      "[[ 0.         28.92867279 40.53113556 44.62751007]\n",
      " [28.92867279 37.5714035  43.24578094 45.67614746]\n",
      " [40.53113556 43.24578094 45.5881424  46.74157715]\n",
      " [44.62751007 45.67614746 46.74157715 47.32077026]]\n",
      "\n",
      "Iteration 1\n",
      "[[ 0.         30.75780296 43.33327484 47.86557579]\n",
      " [30.75780296 40.08722687 46.34170723 49.07275391]\n",
      " [43.33327484 46.34170723 48.99367905 50.33165932]\n",
      " [47.86557579 49.07275391 50.33165932 51.03117371]]\n",
      "\n",
      "Iteration 2\n",
      "[[ 0.         30.75780296 43.33327484 47.86557579]\n",
      " [30.75780296 40.08722687 46.34170723 49.07275391]\n",
      " [43.33327484 46.34170723 48.99367905 50.33165932]\n",
      " [47.86557579 49.07275391 50.33165932 51.03117371]]\n",
      "\n",
      "Iteration 3\n",
      "[[ 0.         30.75780296 43.33327484 47.86557579]\n",
      " [30.75780296 40.08722687 46.34170723 49.07275391]\n",
      " [43.33327484 46.34170723 48.99367905 50.33165932]\n",
      " [47.86557579 49.07275391 50.33165932 51.03117371]]\n",
      "\n",
      "Iteration 10\n",
      "[[ 0.         30.75780296 43.33327484 47.86557579]\n",
      " [30.75780296 40.08722687 46.34170723 49.07275391]\n",
      " [43.33327484 46.34170723 48.99367905 50.33165932]\n",
      " [47.86557579 49.07275391 50.33165932 51.03117371]]\n",
      "\n",
      "Iteration 100\n",
      "[[ 0.         30.75780296 43.33327484 47.86557579]\n",
      " [30.75780296 40.08722687 46.34170723 49.07275391]\n",
      " [43.33327484 46.34170723 48.99367905 50.33165932]\n",
      " [47.86557579 49.07275391 50.33165932 51.03117371]]\n",
      "\n",
      "Iteration 100\n",
      "[[ 0.         30.75780296 43.33327484 47.86557579]\n",
      " [30.75780296 40.08722687 46.34170723 49.07275391]\n",
      " [43.33327484 46.34170723 48.99367905 50.33165932]\n",
      " [47.86557579 49.07275391 50.33165932 51.03117371]]\n",
      "\n",
      "Iteration 1\n",
      "[[ 0.         32.54457617 46.07459021 51.03429508]\n",
      " [32.54457617 42.5497551  49.37173367 52.40292406]\n",
      " [46.07459021 49.37173367 52.33668327 53.85731649]\n",
      " [51.03429508 52.40292406 53.85731649 54.68141651]]\n",
      "\n",
      "Iteration 2\n",
      "[[ 0.         32.54457617 46.07459021 51.03429508]\n",
      " [32.54457617 42.5497551  49.37173367 52.40292406]\n",
      " [46.07459021 49.37173367 52.33668327 53.85731649]\n",
      " [51.03429508 52.40292406 53.85731649 54.68141651]]\n",
      "\n",
      "Iteration 3\n",
      "[[ 0.         32.54457617 46.07459021 51.03429508]\n",
      " [32.54457617 42.5497551  49.37173367 52.40292406]\n",
      " [46.07459021 49.37173367 52.33668327 53.85731649]\n",
      " [51.03429508 52.40292406 53.85731649 54.68141651]]\n",
      "\n",
      "Iteration 10\n",
      "[[ 0.         32.54457617 46.07459021 51.03429508]\n",
      " [32.54457617 42.5497551  49.37173367 52.40292406]\n",
      " [46.07459021 49.37173367 52.33668327 53.85731649]\n",
      " [51.03429508 52.40292406 53.85731649 54.68141651]]\n",
      "\n",
      "Iteration 100\n",
      "[[ 0.         32.54457617 46.07459021 51.03429508]\n",
      " [32.54457617 42.5497551  49.37173367 52.40292406]\n",
      " [46.07459021 49.37173367 52.33668327 53.85731649]\n",
      " [51.03429508 52.40292406 53.85731649 54.68141651]]\n",
      "\n",
      "Iteration 100\n",
      "[[ 0.         32.54457617 46.07459021 51.03429508]\n",
      " [32.54457617 42.5497551  49.37173367 52.40292406]\n",
      " [46.07459021 49.37173367 52.33668327 53.85731649]\n",
      " [51.03429508 52.40292406 53.85731649 54.68141651]]\n",
      "\n",
      "Iteration 1\n",
      "[[ 0.         34.29223037 48.75629878 54.13652611]\n",
      " [34.29223037 44.95815492 52.34098816 55.66656733]\n",
      " [48.75629878 52.34098816 55.61452508 57.31958508]\n",
      " [54.13652611 55.66656733 57.31958508 58.2693665 ]]\n",
      "\n",
      "Iteration 2\n",
      "[[ 0.         34.29223037 48.75629878 54.13652611]\n",
      " [34.29223037 44.95815492 52.34098816 55.66656733]\n",
      " [48.75629878 52.34098816 55.61452508 57.31958508]\n",
      " [54.13652611 55.66656733 57.31958508 58.2693665 ]]\n",
      "\n",
      "Iteration 3\n",
      "[[ 0.         34.29223037 48.75629878 54.13652611]\n",
      " [34.29223037 44.95815492 52.34098816 55.66656733]\n",
      " [48.75629878 52.34098816 55.61452508 57.31958508]\n",
      " [54.13652611 55.66656733 57.31958508 58.2693665 ]]\n",
      "\n",
      "Iteration 10\n",
      "[[ 0.         34.29223037 48.75629878 54.13652611]\n",
      " [34.29223037 44.95815492 52.34098816 55.66656733]\n",
      " [48.75629878 52.34098816 55.61452508 57.31958508]\n",
      " [54.13652611 55.66656733 57.31958508 58.2693665 ]]\n",
      "\n",
      "Iteration 100\n",
      "[[ 0.         34.29223037 48.75629878 54.13652611]\n",
      " [34.29223037 44.95815492 52.34098816 55.66656733]\n",
      " [48.75629878 52.34098816 55.61452508 57.31958508]\n",
      " [54.13652611 55.66656733 57.31958508 58.2693665 ]]\n",
      "\n",
      "Iteration 100\n",
      "[[ 0.         34.29223037 48.75629878 54.13652611]\n",
      " [34.29223037 44.95815492 52.34098816 55.66656733]\n",
      " [48.75629878 52.34098816 55.61452508 57.31958508]\n",
      " [54.13652611 55.66656733 57.31958508 58.2693665 ]]\n",
      "\n",
      "Iteration 1\n",
      "[[ 0.         36.00167102 51.38151085 57.17397958]\n",
      " [36.00167102 47.31660926 55.24888653 58.86591667]\n",
      " [51.38151085 55.24888653 58.83028662 60.717511  ]\n",
      " [57.17397958 58.86591667 60.717511   61.79447579]]\n",
      "\n",
      "Iteration 2\n",
      "[[ 0.         36.00167102 51.38151085 57.17397958]\n",
      " [36.00167102 47.31660926 55.24888653 58.86591667]\n",
      " [51.38151085 55.24888653 58.83028662 60.717511  ]\n",
      " [57.17397958 58.86591667 60.717511   61.79447579]]\n",
      "\n",
      "Iteration 3\n",
      "[[ 0.         36.00167102 51.38151085 57.17397958]\n",
      " [36.00167102 47.31660926 55.24888653 58.86591667]\n",
      " [51.38151085 55.24888653 58.83028662 60.717511  ]\n",
      " [57.17397958 58.86591667 60.717511   61.79447579]]\n",
      "\n",
      "Iteration 10\n",
      "[[ 0.         36.00167102 51.38151085 57.17397958]\n",
      " [36.00167102 47.31660926 55.24888653 58.86591667]\n",
      " [51.38151085 55.24888653 58.83028662 60.717511  ]\n",
      " [57.17397958 58.86591667 60.717511   61.79447579]]\n",
      "\n",
      "Iteration 100\n",
      "[[ 0.         36.00167102 51.38151085 57.17397958]\n",
      " [36.00167102 47.31660926 55.24888653 58.86591667]\n",
      " [51.38151085 55.24888653 58.83028662 60.717511  ]\n",
      " [57.17397958 58.86591667 60.717511   61.79447579]]\n",
      "\n",
      "Iteration 100\n",
      "[[ 0.         36.00167102 51.38151085 57.17397958]\n",
      " [36.00167102 47.31660926 55.24888653 58.86591667]\n",
      " [51.38151085 55.24888653 58.83028662 60.717511  ]\n",
      " [57.17397958 58.86591667 60.717511   61.79447579]]\n",
      "\n",
      "Iteration 1\n",
      "[[ 0.         37.67494778 53.95151199 60.14884667]\n",
      " [37.67494778 49.62527877 58.09858085 62.00157344]\n",
      " [53.95151199 58.09858085 61.98319876 64.05204752]\n",
      " [60.14884667 62.00157344 64.05204752 65.2559934 ]]\n",
      "\n",
      "Iteration 2\n",
      "[[ 0.         37.67494778 53.95151199 60.14884667]\n",
      " [37.67494778 49.62527877 58.09858085 62.00157344]\n",
      " [53.95151199 58.09858085 61.98319876 64.05204752]\n",
      " [60.14884667 62.00157344 64.05204752 65.2559934 ]]\n",
      "\n",
      "Iteration 3\n",
      "[[ 0.         37.67494778 53.95151199 60.14884667]\n",
      " [37.67494778 49.62527877 58.09858085 62.00157344]\n",
      " [53.95151199 58.09858085 61.98319876 64.05204752]\n",
      " [60.14884667 62.00157344 64.05204752 65.2559934 ]]\n",
      "\n",
      "Iteration 10\n",
      "[[ 0.         37.67494778 53.95151199 60.14884667]\n",
      " [37.67494778 49.62527877 58.09858085 62.00157344]\n",
      " [53.95151199 58.09858085 61.98319876 64.05204752]\n",
      " [60.14884667 62.00157344 64.05204752 65.2559934 ]]\n",
      "\n",
      "Iteration 100\n",
      "[[ 0.         37.67494778 53.95151199 60.14884667]\n",
      " [37.67494778 49.62527877 58.09858085 62.00157344]\n",
      " [53.95151199 58.09858085 61.98319876 64.05204752]\n",
      " [60.14884667 62.00157344 64.05204752 65.2559934 ]]\n",
      "\n",
      "Iteration 100\n",
      "[[ 0.         37.67494778 53.95151199 60.14884667]\n",
      " [37.67494778 49.62527877 58.09858085 62.00157344]\n",
      " [53.95151199 58.09858085 61.98319876 64.05204752]\n",
      " [60.14884667 62.00157344 64.05204752 65.2559934 ]]\n",
      "\n",
      "Iteration 1\n",
      "[[ 0.         39.31293464 56.46847183 63.06269469]\n",
      " [39.31293464 51.88676432 60.89039074 65.07526212]\n",
      " [56.46847183 60.89039074 65.07531419 67.32320328]\n",
      " [63.06269469 65.07526212 67.32320328 68.65402046]]\n",
      "\n",
      "Iteration 2\n",
      "[[ 0.         39.31293464 56.46847183 63.06269469]\n",
      " [39.31293464 51.88676432 60.89039074 65.07526212]\n",
      " [56.46847183 60.89039074 65.07531419 67.32320328]\n",
      " [63.06269469 65.07526212 67.32320328 68.65402046]]\n",
      "\n",
      "Iteration 3\n",
      "[[ 0.         39.31293464 56.46847183 63.06269469]\n",
      " [39.31293464 51.88676432 60.89039074 65.07526212]\n",
      " [56.46847183 60.89039074 65.07531419 67.32320328]\n",
      " [63.06269469 65.07526212 67.32320328 68.65402046]]\n",
      "\n",
      "Iteration 10\n",
      "[[ 0.         39.31293464 56.46847183 63.06269469]\n",
      " [39.31293464 51.88676432 60.89039074 65.07526212]\n",
      " [56.46847183 60.89039074 65.07531419 67.32320328]\n",
      " [63.06269469 65.07526212 67.32320328 68.65402046]]\n",
      "\n",
      "Iteration 100\n",
      "[[ 0.         39.31293464 56.46847183 63.06269469]\n",
      " [39.31293464 51.88676432 60.89039074 65.07526212]\n",
      " [56.46847183 60.89039074 65.07531419 67.32320328]\n",
      " [63.06269469 65.07526212 67.32320328 68.65402046]]\n",
      "\n",
      "Iteration 100\n",
      "[[ 0.         39.31293464 56.46847183 63.06269469]\n",
      " [39.31293464 51.88676432 60.89039074 65.07526212]\n",
      " [56.46847183 60.89039074 65.07531419 67.32320328]\n",
      " [63.06269469 65.07526212 67.32320328 68.65402046]]\n",
      "\n",
      "Iteration 1\n",
      "[[ 0.         40.91704269 58.93362297 65.91728083]\n",
      " [40.91704269 54.10166269 63.62645311 68.08788771]\n",
      " [58.93362297 63.62645311 68.10679701 70.53195001]\n",
      " [65.91728083 68.08788771 70.53195001 71.98861187]]\n",
      "\n",
      "Iteration 2\n",
      "[[ 0.         40.91704269 58.93362297 65.91728083]\n",
      " [40.91704269 54.10166269 63.62645311 68.08788771]\n",
      " [58.93362297 63.62645311 68.10679701 70.53195001]\n",
      " [65.91728083 68.08788771 70.53195001 71.98861187]]\n",
      "\n",
      "Iteration 3\n",
      "[[ 0.         40.91704269 58.93362297 65.91728083]\n",
      " [40.91704269 54.10166269 63.62645311 68.08788771]\n",
      " [58.93362297 63.62645311 68.10679701 70.53195001]\n",
      " [65.91728083 68.08788771 70.53195001 71.98861187]]\n",
      "\n",
      "Iteration 10\n",
      "[[ 0.         40.91704269 58.93362297 65.91728083]\n",
      " [40.91704269 54.10166269 63.62645311 68.08788771]\n",
      " [58.93362297 63.62645311 68.10679701 70.53195001]\n",
      " [65.91728083 68.08788771 70.53195001 71.98861187]]\n",
      "\n",
      "Iteration 100\n",
      "[[ 0.         40.91704269 58.93362297 65.91728083]\n",
      " [40.91704269 54.10166269 63.62645311 68.08788771]\n",
      " [58.93362297 63.62645311 68.10679701 70.53195001]\n",
      " [65.91728083 68.08788771 70.53195001 71.98861187]]\n",
      "\n",
      "Iteration 100\n",
      "[[ 0.         40.91704269 58.93362297 65.91728083]\n",
      " [40.91704269 54.10166269 63.62645311 68.08788771]\n",
      " [58.93362297 63.62645311 68.10679701 70.53195001]\n",
      " [65.91728083 68.08788771 70.53195001 71.98861187]]\n",
      "\n",
      "Iteration 1\n",
      "[[ 0.         42.48808209 61.3485999  68.71401809]\n",
      " [42.48808209 56.2717479  66.3074926  71.04089292]\n",
      " [61.3485999  66.3074926  71.07920156 73.67881165]\n",
      " [68.71401809 71.04089292 73.67881165 75.26028094]]\n",
      "\n",
      "Iteration 2\n",
      "[[ 0.         42.48808209 61.3485999  68.71401809]\n",
      " [42.48808209 56.2717479  66.3074926  71.04089292]\n",
      " [61.3485999  66.3074926  71.07920156 73.67881165]\n",
      " [68.71401809 71.04089292 73.67881165 75.26028094]]\n",
      "\n",
      "Iteration 3\n",
      "[[ 0.         42.48808209 61.3485999  68.71401809]\n",
      " [42.48808209 56.2717479  66.3074926  71.04089292]\n",
      " [61.3485999  66.3074926  71.07920156 73.67881165]\n",
      " [68.71401809 71.04089292 73.67881165 75.26028094]]\n",
      "\n",
      "Iteration 10\n",
      "[[ 0.         42.48808209 61.3485999  68.71401809]\n",
      " [42.48808209 56.2717479  66.3074926  71.04089292]\n",
      " [61.3485999  66.3074926  71.07920156 73.67881165]\n",
      " [68.71401809 71.04089292 73.67881165 75.26028094]]\n",
      "\n",
      "Iteration 100\n",
      "[[ 0.         42.48808209 61.3485999  68.71401809]\n",
      " [42.48808209 56.2717479  66.3074926  71.04089292]\n",
      " [61.3485999  66.3074926  71.07920156 73.67881165]\n",
      " [68.71401809 71.04089292 73.67881165 75.26028094]]\n",
      "\n",
      "Iteration 100\n",
      "[[ 0.         42.48808209 61.3485999  68.71401809]\n",
      " [42.48808209 56.2717479  66.3074926  71.04089292]\n",
      " [61.3485999  66.3074926  71.07920156 73.67881165]\n",
      " [68.71401809 71.04089292 73.67881165 75.26028094]]\n",
      "\n",
      "Iteration 1\n",
      "[[ 0.         44.02710747 63.71454817 71.45438225]\n",
      " [44.02710747 58.39778734 68.93511057 73.93530381]\n",
      " [63.71454817 68.93511057 73.99315212 76.76479677]\n",
      " [71.45438225 73.93530381 76.76479677 78.4695463 ]]\n",
      "\n",
      "Iteration 2\n",
      "[[ 0.         44.02710747 63.71454817 71.45438225]\n",
      " [44.02710747 58.39778734 68.93511057 73.93530381]\n",
      " [63.71454817 68.93511057 73.99315212 76.76479677]\n",
      " [71.45438225 73.93530381 76.76479677 78.4695463 ]]\n",
      "\n",
      "Iteration 3\n",
      "[[ 0.         44.02710747 63.71454817 71.45438225]\n",
      " [44.02710747 58.39778734 68.93511057 73.93530381]\n",
      " [63.71454817 68.93511057 73.99315212 76.76479677]\n",
      " [71.45438225 73.93530381 76.76479677 78.4695463 ]]\n",
      "\n",
      "Iteration 10\n",
      "[[ 0.         44.02710747 63.71454817 71.45438225]\n",
      " [44.02710747 58.39778734 68.93511057 73.93530381]\n",
      " [63.71454817 68.93511057 73.99315212 76.76479677]\n",
      " [71.45438225 73.93530381 76.76479677 78.4695463 ]]\n",
      "\n",
      "Iteration 100\n",
      "[[ 0.         44.02710747 63.71454817 71.45438225]\n",
      " [44.02710747 58.39778734 68.93511057 73.93530381]\n",
      " [63.71454817 68.93511057 73.99315212 76.76479677]\n",
      " [71.45438225 73.93530381 76.76479677 78.4695463 ]]\n",
      "\n",
      "Iteration 100\n",
      "[[ 0.         44.02710747 63.71454817 71.45438225]\n",
      " [44.02710747 58.39778734 68.93511057 73.93530381]\n",
      " [63.71454817 68.93511057 73.99315212 76.76479677]\n",
      " [71.45438225 73.93530381 76.76479677 78.4695463 ]]\n",
      "\n",
      "Iteration 1\n",
      "[[ 0.         45.53486075 66.03278712 74.13965412]\n",
      " [45.53486075 60.48110902 71.51019786 76.77239835]\n",
      " [66.03278712 71.51019786 76.84995367 79.79069975]\n",
      " [74.13965412 76.77239835 79.79069975 81.61717153]]\n",
      "\n",
      "Iteration 2\n",
      "[[ 0.         45.53486075 66.03278712 74.13965412]\n",
      " [45.53486075 60.48110902 71.51019786 76.77239835]\n",
      " [66.03278712 71.51019786 76.84995367 79.79069975]\n",
      " [74.13965412 76.77239835 79.79069975 81.61717153]]\n",
      "\n",
      "Iteration 3\n",
      "[[ 0.         45.53486075 66.03278712 74.13965412]\n",
      " [45.53486075 60.48110902 71.51019786 76.77239835]\n",
      " [66.03278712 71.51019786 76.84995367 79.79069975]\n",
      " [74.13965412 76.77239835 79.79069975 81.61717153]]\n",
      "\n",
      "Iteration 10\n",
      "[[ 0.         45.53486075 66.03278712 74.13965412]\n",
      " [45.53486075 60.48110902 71.51019786 76.77239835]\n",
      " [66.03278712 71.51019786 76.84995367 79.79069975]\n",
      " [74.13965412 76.77239835 79.79069975 81.61717153]]\n",
      "\n",
      "Iteration 100\n",
      "[[ 0.         45.53486075 66.03278712 74.13965412]\n",
      " [45.53486075 60.48110902 71.51019786 76.77239835]\n",
      " [66.03278712 71.51019786 76.84995367 79.79069975]\n",
      " [74.13965412 76.77239835 79.79069975 81.61717153]]\n",
      "\n",
      "Iteration 100\n",
      "[[ 0.         45.53486075 66.03278712 74.13965412]\n",
      " [45.53486075 60.48110902 71.51019786 76.77239835]\n",
      " [66.03278712 71.51019786 76.84995367 79.79069975]\n",
      " [74.13965412 76.77239835 79.79069975 81.61717153]]\n",
      "\n",
      "Iteration 1\n",
      "[[ 0.         47.01218922 68.30437496 76.77112343]\n",
      " [47.01218922 62.5225293  74.03406204 79.55323752]\n",
      " [68.30437496 74.03406204 79.65044881 82.75755583]\n",
      " [76.77112343 79.55323752 82.75755583 84.70393564]]\n",
      "\n",
      "Iteration 2\n",
      "[[ 0.         47.01218922 68.30437496 76.77112343]\n",
      " [47.01218922 62.5225293  74.03406204 79.55323752]\n",
      " [68.30437496 74.03406204 79.65044881 82.75755583]\n",
      " [76.77112343 79.55323752 82.75755583 84.70393564]]\n",
      "\n",
      "Iteration 3\n",
      "[[ 0.         47.01218922 68.30437496 76.77112343]\n",
      " [47.01218922 62.5225293  74.03406204 79.55323752]\n",
      " [68.30437496 74.03406204 79.65044881 82.75755583]\n",
      " [76.77112343 79.55323752 82.75755583 84.70393564]]\n",
      "\n",
      "Iteration 10\n",
      "[[ 0.         47.01218922 68.30437496 76.77112343]\n",
      " [47.01218922 62.5225293  74.03406204 79.55323752]\n",
      " [68.30437496 74.03406204 79.65044881 82.75755583]\n",
      " [76.77112343 79.55323752 82.75755583 84.70393564]]\n",
      "\n",
      "Iteration 100\n",
      "[[ 0.         47.01218922 68.30437496 76.77112343]\n",
      " [47.01218922 62.5225293  74.03406204 79.55323752]\n",
      " [68.30437496 74.03406204 79.65044881 82.75755583]\n",
      " [76.77112343 79.55323752 82.75755583 84.70393564]]\n",
      "\n",
      "Iteration 100\n",
      "[[ 0.         47.01218922 68.30437496 76.77112343]\n",
      " [47.01218922 62.5225293  74.03406204 79.55323752]\n",
      " [68.30437496 74.03406204 79.65044881 82.75755583]\n",
      " [76.77112343 79.55323752 82.75755583 84.70393564]]\n",
      "\n",
      "Iteration 1\n",
      "[[ 0.         48.45977337 70.53043741 79.34996483]\n",
      " [48.45977337 64.52312563 76.50764765 82.2789947 ]\n",
      " [70.53043741 76.50764765 82.39580893 85.66629445]\n",
      " [79.34996483 82.2789947  85.66629445 87.73074573]]\n",
      "\n",
      "Iteration 2\n",
      "[[ 0.         48.45977337 70.53043741 79.34996483]\n",
      " [48.45977337 64.52312563 76.50764765 82.2789947 ]\n",
      " [70.53043741 76.50764765 82.39580893 85.66629445]\n",
      " [79.34996483 82.2789947  85.66629445 87.73074573]]\n",
      "\n",
      "Iteration 3\n",
      "[[ 0.         48.45977337 70.53043741 79.34996483]\n",
      " [48.45977337 64.52312563 76.50764765 82.2789947 ]\n",
      " [70.53043741 76.50764765 82.39580893 85.66629445]\n",
      " [79.34996483 82.2789947  85.66629445 87.73074573]]\n",
      "\n",
      "Iteration 10\n",
